3843893023451618577
498951476404480375
6083450159262872269
984260323862857326
2801018984775282719
8606542582599884971
1052877207228619594
9019951908715104847
4808567269525060554
8613788199263847904
8382230313629367494
3574250611846081263
7571052814251050969
5301456175911628366
7565905411021748851
5388639951431165372
2041598883962587372
8117140515695683555
3694006515250998192
5050237534286707733
3337284204657429944
6220282853528515662
7418612720398310635
112251234168621206
6092280109494094483
5813355259296106846
2632768960852488592
7674728872514910679
4079188220906313235
738479383915977411
4871766937079592290
5016907748128245553
5637191728568365115
5591658590178634861
1149636042127734262
9147242005724416980
6833135083173016568
3262680968843086929
3135558515728267850
7530504769953182692
6032155006236131287
2778112038644171909
8930636313720346174
7093180094160357296
7404574526038589444
6225172582939196451
7686004327993521246
4085005204051116711
4404327383324631818
4067253488692698959
607408210744740129
1430525676418322794
8405790120799907445
6037911612867007455
8881038851182925842
202003702716064191
6531623342764318579
4760714427293425932
4285478401693972991
6220771588033142506
5500445349293833961
1396863068190067764
2950874422120069395
9131740707012062424
132495067524235
2247910184196766554
6307220543621271357
7474763673709201424
4200051776899620891
2359242894730418430
3865121311720890475
2416926548551550819
1723471500016759571
2739705801904670057
6324992614409270625
4584019106609169248
7991734698278874113
5877705853793218227
1476328093180417331
1068865257471967313
4766043151068937419
9087088901122362282
2881044985823757022
7003164565177342757
605530445891128463
8356569573978819165
8287670983557924638
4169220925134052564
2100846060075694258
6858584380596203593
3069861593187155835
4121099200716470029
8402487626070556578
1726386172226357147
4249127217127360618
2329843408171882112
2172766593013963884
6638637474031929804
2535923026681976924
4982300427753290540
3240887775676136786
8973962996080551163
9208843234511890342
28080213107235762
6167464522271081270
870918839357558460
5590879839755522527
2427073047427448228
1554306115887347311
3618319521038369318
1776007320039141096
5857987516568406442
5926467579675668728
5850890435874714084
8851053976447825507
5914280297382484688
2353059765458449251
7597395861561970495
5789014744169064226
1110481454943604810
1256388487826254022
8188374665551414547
2630905657647921725
6760710381681171807
6354860612530664117
2044844183460282302
3629778594178516798
7447751155095462713
9051779272281164422
6584092709561178481
3152271321861254010
784539656231147182
7104551820374681179
1053555711912418850
6071392962129244078
2179936176039227734
5193434869995405234
386123577678831432
8671483170778077581
4745644353900381265
8603909727547083104
7899335708385751024
1236796969534178516
8756100569726840615
6952605115217487764
229080705824677910
8401343201525884015
3958325115549420762
201283379419446151
7955246453370643277
3977828275936612604
8740763861085562613
2173338059297233456
3746495479321892808
3385656463682839883
5207359319885498892
7081592713034211917
6286938727695322055
27122463028178158
734466523218188754
4488813565715937065
1546007038533432673
134111469066004529
8795184750610017597
1294662198546421606
3964957308008286731
4101647570790728593
5540395799327702063
5439187807128234546
7300682209007816561
4315282188947027140
3465998644501229568
3181085291744392582
7061061980022290043
2201495236856991338
2527138003451751977
391123451727685882
1187025367067519340
1863490048518371426
6613229246036036281
132626449958397634
6727024727496527810
3375891295456866799
6921668384173585700
6628097859002667002
6596783423039629575
7976518731145807353
7173552560222276535
7706954776422729611
5938893863459244317
5339825418919378649
661526122508156729
8644388765751076972
7786900175548665734
4824377147884100591
1557618299310359469
7244378700431133338
365300383449862433
4350560773904355676
5838746079579729094
2946754864713667205
3899988546773309924
6374107666142713139
206692563767255111
5399364375312546940
6807858022755140698
8487076482802250858
3478795805407333524
6301227682634802602
445273966141084159
8225049719925988468
5050651191511621917
1880199202399740320
2255035251582361063
147462884296947279
5357734279801685962
8752014562376986637
8849796010464220271
8334622165445785649
29526884071556110
636876622363881690
3222989222303194705
6987969555677686930
7844519952184166542
523720600265860450
5928326269262115812
3976786470300126423
6460850273461582759
2032693269976555374
2139641829190076523
2867663798435886105
8427670327966700562
9150935874789891135
6576337257758058842
4035470933114796313
1202750420346165585
4109502917243833741
6464005630223159870
7559127616357257282
3913615283148870188
8112999618704181535
6748299856946070312
2226765268763325113
8521296990057237612
5223901430726735879
6268744353940293471
7018744823664048590
1287351811965133009
8597336726419094752
5841307392447687784
1023148826930251521
4168490396929685433
1475708691083300916
5088558067903462249
8789747809151217727
3748586636096979987
8429932399665102020
2015267346451246800
1055967858848704117
4531796859284364397
7020917385002455023
7063254794654541535
8397534286585924093
4119725795141460657
7347479469857943629
3029404786031348700
5336147737112775161
2993973083476925732
523838667928539257
113900338444127964
8560738168678880143
243333491737544931
4430411547748128292
1091696310366076508
7484102337666108148
3566752347313878818
1317367534735249895
8503127474083870974
1947329682650626755
8391876766866308618
8464306723827974510
4076909554866212989
6278267179674228515
6880045836570571640
6245518030629207501
3768823318072923423
3897209752018424352
4978423862490956154
8283697313909645826
2500127633869993650
6281148977378355229
7204554451272320313
7841361022064791687
4916006496508348939
873172613242629981
5838238184017034840
5525685917726824166
7755431520633952729
8181816317869373946
929201157662836932
4286511439454587642
7192128264299555527
4732561659019415952
798392845398105625
8640047177741445805
1230418688427579714
4701586950389227392
2624817717387069603
4108341850624244529
4409086757976358777
7793107961743716143
3655927864151714626
8539191832050657368
5070082691468753281
4377861192146694783
8791719464723478631
7869988221689453676
3349502009465536333
2810461634507991958
532975288669313057
3217979086677387130
1872518445216119193
6501984579592014697
8515157193194169871
4328515016381265086
8379468555997843845
4298069365494292098
7121390522038105785
7446535019030293504
209091452201649530
5240620798081805473
839656575437307991
7935144779101365974
6750462177183727728
5615112883045719963
9191651235906855887
647255418178419831
304104364669098675
1914856046760827936
8028447754718681160
3080915392863614857
183587707980431026
1890908553286014323
3019895422211580824
5019520211208574722
4087218974972528944
5488145601351889420
6764419763590000009
5125894134582288390
8390501684478101820
9194058276406444754
1456910941235924211
7641431955789059503
846841962695903428
1966185160530998697
6324795176897148377
7159755619155492578
4348763001129042585
4245543975796102524
3782944354644518175
4177093487475099283
138736829731461526
6465444170218395390
7079733509181292282
7858915784836980405
7042214125251487818
7135366454447479274
4643621295882072252
7341316474814189131
5990165127630069095
8668253962869230454
5235060455732645399
6073911869130675030
1598355071537024256
7673809186391313490
2742980349165604026
3315943668273771515
3570209074798692747
4582976071974907344
7712597209428487188
5008769682191222591
4216987024514200819
6209767067181155823
2853059295140142982
2625683047286330131
8642777475564131202
7518828738138290711
4431433958563153068
3279867085920403935
402124155725982772
5141898585356649122
8479140214021791438
1511554238213682137
4040230299913102023
6516536915259833321
107653262702544985
5391439671050400456
1443663645860995072
9142748964213768503
121325444049108767
6946405407786252594
5024853567409323765
6504959415868632035
5612979578161428129
3133675945456732281
4760014000529046431
3800726992771730764
7884729431173506604
6286284919019396405
4126174432243156493
2263381069462394593
8919665583160882529
8155652800974188223
2997166833473618371
3513143741289807556
3780766847431248681
2654825679670409363
1473139575459500021
1507290171454167723
5343588080123568275
3309053414817553078
5397636861788199725
1618151610483679676
5069987760353330054
4207714392794179478
7133501347477902992
5510903780690524010
1907454563430025092
3716374197790302325
4920755476234027342
2563127266846192897
962597247295411761
8033529017172833133
2618585123118802217
5145599102200343987
7999221676811512471
1317219041010604054
7525326706814623816
498849522643095852
1337768553480579421
5584229015552141051
839822916399069343
8294905667904610927
610971780883963745
6855517802923924059
7781332567347154366
389163856740051384
4719194991538858337
3838601364428533262
3774858584346387777
4361113550822978539
3803516605307207654
852093509718845669
3775133089952854151
3684716733952960791
6863131889915256562
3690871609102116825
1455997302382499504
6799853139585184244
8685652501499763226
5844535459950264676
5685847893268964278
4268159046887188337
3314298938023178823
5390847631311498629
9010319493133004616
4713784584397113120
334945767255696608
6605976657166811873
5138388910795469416
4492767903371534067
705103919933218664
9096892408674996611
4937563483299353490
1005279889712095285
8129260761148293757
4596524375967992240
6765808699820095170
6222486480500188350
3258775359752285316
2380640720434505042
8877266570250067564
5131347017768400930
2047592378113501849
8976316775864645308
4608212224193778464
4199496811889621136
8961841006566265761
3974569797396380142
4831337852578386025
8660027748925144065
6199903030576147600
6858358905494419908
8548945853247035873
4697308620550375047
913805215450035286
3435468743227606940
5249038196427217083
135568184107183929
3409454040960061574
1953348545022340140
2916486887997328553
4780231909435612701
7176827446556912969
8410184904625354699
1026636556969110624
8607811700020877354
3955947785014490764
3835646894413714911
8929376100967655572
7296111751255742777
2970608618659502889
1756248013097186529
3812345307881192538
4213512824568340011
121522696485495773
5520702751547909375
7099309425753707761
1218939675188789713
4871566172635960241
6846373404429877428
5079312767540275227
2751494911935949644
4939049849699225024
4702142917273957921
8951321964946676802
371128915972764218
5714706202445400941
6829300634704576223
4020416900328452797
5886305692549988724
4031962918024957818
1267353077159393574
3361584565479223400
4183324267780995896
5665511067923085672
8449722717662647253
6361381583885617841
3587422138940333121
7287632806121311203
7623802586160936614
3035265883697137393
3766553013930885636
2597632572707157963
3959736903628211061
7032673988526445751
86025866440584684
6976223913102280270
2005179533663184309
856971934632069554
2943481546653732000
4869843956008284926
7005914872400679570
8010164553130046268
6707827130576813689
7396630624402910708
7363223952945711560
2516945845908062709
674025739846062129
7401169217533214863
2071815083411796408
5597796662800756478
8905066835361526068
6954138362651791507
3182787925872178804
2338607132240380493
6420323765867430979
145868539622801022
1625251610657319453
6434597177744128855
8102911473847109112
687537097002307097
568079290838949844
5669767168720339658
195236773641796668
3939403338536629452
2273561656868915696
8778236781520245717
2733829308833051433
4804621753532402167
8814548473640823999
7492555737864143623
7603717433688428346
5077331437601912810
5162406506522705734
4981516767281014323
4110117764517308432
5609395644738921978
6181240528688765906
1130616470599600867
7983118392152265922
532342715196650764
7177202518814466659
2801767988012455611
7709067879890095123
1842889436967958933
123811779901892810
7417498403116592659
2345083674520234223
7440275458185237077
2696466460772078205
9031769463909305596
2752002678482211453
1005347197029761057
170848344639449227
7374769745722570693
2809372358587320637
235633869642562732
467230675456560454
6730705577441292100
1288364688531956001
4715875031536110655
7411618300463790323
4133792600092234451
9203539616695535873
6699475822811074877
2410311584620652920
4178378487983166408
7661469586818610207
3835826378748164581
2842503902646852567
3468427508749261433
4555769599054491384
2012285123514256318
350679420076831958
2112066434185281887
5897079496982611161
5303469365188428641
3321705993570888231
5354996302699027405
4461014235297663791
1114452048435421199
372927577085849213
6809862448327587875
7813465702246372205
1321260354269932817
7818212893097269693
3507310685061796887
2835749836524957563
3549186146161068581
1011907849205931305
8490952516941923393
5914035096499710267
6278017009187471214
8497741424575732328
9209470384858942880
9128859841490206948
4482592155772668969
5521092387809775935
3023207945139341881
1440017132104274235
2764178561158720980
4714397755512907831
3471401973329968029
8301992228565317530
1390722413651011833
6920312783832841941
3233091258031070260
849931115127678188
6701246822083422348
1245973534575384715
2937533900248553969
604127858442046963
2450149891266191893
4016482604460441562
5797032639907655128
1037629851091468721
2793610227698891474
1504516330892612749
8342314093170469851
1352032316018281688
9142881459281292738
2369235628245875321
4030253914552748143
3276245204263749381
1481639155913477118
7972222472891846559
6998797257177622756
7176940549080597250
5524198492788490335
1401063196223400853
3387905496573891222
8710193538852325741
1031743730886492898
5573999400099324948
408608857299829746
4066032090945585684
8279186892358744975
3644483711698835155
5535870665494166385
8476304140636842778
2112820617345296186
4476785617247611632
2373352361520701908
343485750067476481
3718997670559373934
2705200104094757839
7277575985981335313
2031228511339597213
4690019369906304780
3633840735656382239
7965501414917662943
7250598884405909454
4735893859860156781
7601234721327341565
1346080007000034249
7600885550872092757
8386486877876480773
7749812636037287826
1302690238667718588
7553406919921859578
6666314044914177122
2208687392838137881
1951736818452887770
3266895963826517571
625839746937182430
4229291301922333063
8631525122963065155
4415948047060785000
6315631436415720112
1346713390558796613
3466283304021582961
465766844874096657
6714173316281427790
2177540430014402341
6641108253887909895
4885614544896458961
4941105221779214813
5828134518611895301
6321777266750038550
8216707684063671311
3931341715261072553
1507124648105269720
250942017274005666
3910227011509651183
4096566282313576951
675019610729581496
8543118953172752639
571487112509375990
2594964367917018491
1388501479168115458
3453997582441280143
7318325086834697150
462830736512163493
1091227497612050096
8545003542598298384
459835800344958947
385817580404402581
6805224432679268973
5833321345502170756
6298537232692159977
3951719558862900306
3487856065576963226
1558611885105613249
3612219648944712518
5332630397187847081
779466794629369318
3730773014946482104
4125604048424565269
6372834871186854592
3484964449033382761
7360226261079220025
815325135609109109
6518248425104580174
3263469721416693847
6885481368522598066
60040339610448819
9186122186266312112
2459812253983467959
3569580212293611469
4820850910182458872
1430230382653605535
7374411348968348305
6054996115813068733
8456882687325030616
996047679709071439
5254137618709953722
3502095056717606031
4492635201470340192
2565524954910494128
1793637728182004999
6037142131270706249
2233142067564631741
7687235202983428659
4157633985727022229
3619738061615557955
1202202517062453011
4346139274526737645
6848547423982023583
8896594047004776174
4797605773072517653
7847037534191456715
2244977558820814008
5599520098720908973
3029493290907775954
1235077651503903447
1654571676303693533
818596299338560762
389476050600057723
9015517681723841190
4278234341139290867
2430305745733901006
5578035199638812266
3907312356126346254
4397263301474820251
5617913851063749250
9200330645058952494
7130079132494663101
342127577841619788
5600458346950584584
6568074147652872952
8986786514252880061
4872118792021676093
6887507032108411664
6514061689104470917
844408659710912430
3042906538848242122
2961414586699423721
2859953143183291860
1966225068840325004
7887127829865525
2152642417960131588
6214706214433755516
2472124072175942829
4496267929617729389
6117165000991689411
8039691437201602378
7344703752940695379
1396247809851329605
5127821471768622682
1138093761237453443
1197746340111922579
4106123449940554867
6048601553711922831
2835274899407563429
1714388068483305634
9093780191841868030
6050451724308064909
1542905423352305247
6347887603802546306
6722205797380859864
5660722543772115766
7637347598090294440
2989042354236167045
7151542727225466967
8127206907196207126
360010415014434038
8308236392345978203
1464331158627923956
4500326925632240809
8076161734722707521
7957730739559787312
1849994070617919830
6609921260450096781
8779907549829276632
6977682123252747290
1695266793194824786
6185555333452957255
9150007164210699756
5585826455600609348
1474581675787608419
5747616300985207825
4879203106696580854
7189678754962592134
2547610061647897564
8233170377663170776
7333564847296820008
5506613228037774338
8906144231622500468
8521346066487816903
2313852161403277508
469191107523402044
1246308207361809969
8032614197884853366
2802370510531455520
3275841346410750710
1119247535473889021
8731586513318329370
7618103237460115624
7239783906335448929
1327330180008639240
7951333013122668602
1074085887900395110
2605732223267205896
3995630468765205821
135575946259641270
3302297330103767261
8444474303668734575
1553013340822512058
8688578764294881435
1835052287698962240
4683615580593041900
7604649696821088004
6739713654665276919
8446851371240217587
3616094876109361402
4512412757384249968
6631828397455187187
93248848602826392
4515068482192627040
996103824842001772
4194878606813518212
1969862449861286437
763328116169712149
8869883569069373928
8554743894955223159
7739063605990424807
2876605104846184039
8513388618569488344
3327402515261909837
4305703530459902512
2252424977411627560
4779604834588648295
5713494799595158697
1892398197474217188
799004910269178988
1463731730309054183
7067477349464672663
3642026212155881698
8444679636686088508
329302810386646442
675581543101694910
2591555373008044704
86633316938952103
6113680570624257313
7524859390020899789
4004377261999281086
2296599278387928852
3263240858867131026
4198925326570080830
2524876414370464323
5178446131508943274
5857343341226490385
5544042900069676813
835552385431883946
8050662877472340467
2659241343467841423
33731365687471227
6636689215344963119
8972774630192834695
320700368027843394
7119629213938332712
8310593292222549930
1999287734196701519
223613787095615605
4284091675006703257
2835329632416653495
6357160597127364238
1665226863893908144
639758989323085074
795320642534427772
2973088723434396164
388045430906243471
6889208797575290273
928953223309115423
4612715636579838323
198873378509818910
5544685639650993894
1865519798535753957
2484092009879869379
9126028855054648403
5610668872229833852
2637293805536538954
6412687722937559548
6461583618474338771
8722329593043714156
6156296716165220083
4520579237542575764
3857734500290835460
9170644274313153229
5133937458307851787
666772259321801810
2508861458303016790
1545835153249085705
3385750673944959387
5368543322365322777
1502686950635450068
7046116647341796211
6581140462732679648
4451425383147991979
761469912558729221
6200249785573825508
4045670587833322614
1645978551340855285
1013151082858094061
6791663464813045225
440961991026599150
8275665646017740162
4842826771451383249
1215686332248713078
2261212381248432329
7041631094347115131
5735036875125075506
8865542128697087324
7897717262584736029
3745633930794500592
7116297472007410562
7319439015371051463
5896876431054925525
6397168783110141098
